[
  {
    "frame_id": 0,
    "translation": [0 0 0],
    "rotation": [
      [1, 0, 0],
      [0, 1, 0],
      [0, 0, 1]
    ]
  },
  {
    "frame_id": 1,
    "translation": [0.692931 0.003604 0.009675],
    "rotation": [
      [0.999993, -0.00331204, -0.00162785],
      [0.00330795, 0.999991, -0.0025107],
      [0.00163615, 0.00250529, 0.999996]
    ]
  },
  {
    "frame_id": 2,
    "translation": [ 1.38225 0.015222  0.01302],
    "rotation": [
      [0.99997, -0.00723074, -0.00279276],
      [0.00722514, 0.999972, -0.0020081],
      [0.0028072, 0.00198786, 0.999994]
    ]
  },
  {
    "frame_id": 3,
    "translation": [ 2.10563 0.027555 0.014369],
    "rotation": [
      [0.999927, -0.0113064, -0.00418678],
      [0.0113011, 0.999935, -0.00128768],
      [0.00420107, 0.00124027, 0.99999]
    ]
  },
  {
    "frame_id": 4,
    "translation": [ 2.83544 0.048562 0.016766],
    "rotation": [
      [0.999858, -0.016115, -0.00487118],
      [0.0161158, 0.99987, 0.000128752],
      [0.00486848, -0.000207237, 0.999988]
    ]
  },
  {
    "frame_id": 5,
    "translation": [ 3.58413 0.060243 0.026184],
    "rotation": [
      [0.999771, -0.0207923, -0.00514774],
      [0.0207893, 0.999784, -0.000627548],
      [0.00515967, 0.000520386, 0.999987]
    ]
  },
  {
    "frame_id": 6,
    "translation": [ 4.34508 0.088279 0.036304],
    "rotation": [
      [0.99966, -0.0254289, -0.00577983],
      [0.0254308, 0.999677, 0.000266523],
      [0.00577119, -0.000413419, 0.999983]
    ]
  },
  {
    "frame_id": 7,
    "translation": [ 5.12651 0.121704 0.045892],
    "rotation": [
      [0.999527, -0.030075, -0.00637162],
      [0.0300978, 0.999541, 0.00351852],
      [0.00626288, -0.00370862, 0.999974]
    ]
  },
  {
    "frame_id": 8,
    "translation": [ 5.91543 0.153983 0.049056],
    "rotation": [
      [0.999389, -0.0345197, -0.00555751],
      [0.0345495, 0.999389, 0.00536878],
      [0.00536878, -0.00555751, 0.99997]
    ]
  },
  {
    "frame_id": 9,
    "translation": [ 6.72046 0.186699 0.057209],
    "rotation": [
      [0.999236, -0.0390072, -0.00261025],
      [0.0390216, 0.999222, 0.00572814],
      [0.00238478, -0.00582562, 0.99998]
    ]
  },
  {
    "frame_id": 10,
    "translation": [ 7.53034 0.226568 0.061547],
    "rotation": [
      [0.999098, -0.0424538, -0.000350231],
      [0.0424549, 0.999091, 0.00396345],
      [0.000181649, -0.00397475, 0.999992]
    ]
  },
  {
    "frame_id": 11,
    "translation": [ 8.34565 0.268796 0.068874],
    "rotation": [
      [0.998979, -0.0451758, -0.000367525],
      [0.0451769, 0.998971, 0.00404672],
      [0.000184333, -0.00405919, 0.999992]
    ]
  },
  {
    "frame_id": 12,
    "translation": [ 9.17233 0.311343 0.064783],
    "rotation": [
      [0.998877, -0.0473816, -0.000689388],
      [0.0473837, 0.998871, 0.00351064],
      [0.00052227, -0.00353937, 0.999994]
    ]
  },
  {
    "frame_id": 13,
    "translation": [ 10.0065 0.351023 0.080349],
    "rotation": [
      [0.99879, -0.0491702, -0.000852667],
      [0.049172, 0.998788, 0.00229372],
      [0.000738851, -0.00233287, 0.999997]
    ]
  },
  {
    "frame_id": 14,
    "translation": [ 10.8501 0.398387 0.079021],
    "rotation": [
      [0.998685, -0.0512589, -0.000265205],
      [0.0512593, 0.998684, 0.00191583],
      [0.000166653, -0.00192691, 0.999998]
    ]
  },
  {
    "frame_id": 15,
    "translation": [ 11.7036 0.443813 0.090096],
    "rotation": [
      [0.998618, -0.0525499, -0.00015729],
      [0.0525497, 0.998618, -0.00124656],
      [0.000222579, 0.00123658, 0.999999]
    ]
  },
  {
    "frame_id": 16,
    "translation": [  12.566 0.499385 0.094986],
    "rotation": [
      [0.998512, -0.0544843, -0.0023419],
      [0.0544871, 0.998514, 0.0011386],
      [0.00227638, -0.00126451, 0.999997]
    ]
  },
  {
    "frame_id": 17,
    "translation": [  13.439 0.551862 0.104796],
    "rotation": [
      [0.998425, -0.0558835, -0.00496165],
      [0.0558963, 0.998433, 0.00249426],
      [0.00481449, -0.00276767, 0.999985]
    ]
  },
  {
    "frame_id": 18,
    "translation": [ 14.3238 0.614252 0.109062],
    "rotation": [
      [0.998334, -0.0573298, -0.00657819],
      [0.0573697, 0.998335, 0.00604971],
      [0.00622041, -0.00641702, 0.99996]
    ]
  },
  {
    "frame_id": 19,
    "translation": [ 15.2101 0.672593 0.117186],
    "rotation": [
      [0.998257, -0.0586708, -0.00636944],
      [0.0587133, 0.998252, 0.00670181],
      [0.00596511, -0.0070641, 0.999957]
    ]
  },
  {
    "frame_id": 20,
    "translation": [  16.104 0.727434 0.128203],
    "rotation": [
      [0.998186, -0.060032, -0.00459121],
      [0.0600609, 0.998174, 0.00643094],
      [0.00419676, -0.00669503, 0.999969]
    ]
  },
  {
    "frame_id": 21,
    "translation": [ 17.0092 0.789748 0.139731],
    "rotation": [
      [0.998128, -0.0610626, -0.00352314],
      [0.0610836, 0.998113, 0.00620322],
      [0.00313771, -0.00640681, 0.999975]
    ]
  },
  {
    "frame_id": 22,
    "translation": [ 17.9178 0.849931 0.153833],
    "rotation": [
      [0.998057, -0.0622302, -0.00310891],
      [0.0622486, 0.998041, 0.00621218],
      [0.00271623, -0.00639363, 0.999976]
    ]
  },
  {
    "frame_id": 23,
    "translation": [  18.825 0.910672 0.154635],
    "rotation": [
      [0.997968, -0.0636106, -0.00374441],
      [0.0636321, 0.997956, 0.00592379],
      [0.00335994, -0.00615001, 0.999975]
    ]
  },
  {
    "frame_id": 24,
    "translation": [ 19.7402 0.976032 0.171013],
    "rotation": [
      [0.997891, -0.0647822, -0.00403513],
      [0.0648049, 0.997881, 0.0057702],
      [0.00365278, -0.00601953, 0.999975]
    ]
  },
  {
    "frame_id": 25,
    "translation": [ 20.6765  1.03767 0.162005],
    "rotation": [
      [0.997835, -0.0657094, -0.00264115],
      [0.0657229, 0.997823, 0.00540607],
      [0.00228017, -0.00556795, 0.999982]
    ]
  },
  {
    "frame_id": 26,
    "translation": [ 21.6068   1.1058 0.166415],
    "rotation": [
      [0.997864, -0.0653288, 0.000519262],
      [0.0653249, 0.997848, 0.00559994],
      [-0.000883982, -0.00555406, 0.999984]
    ]
  },
  {
    "frame_id": 27,
    "translation": [ 22.5387    1.172 0.175729],
    "rotation": [
      [0.997895, -0.0647023, 0.00441683],
      [0.064673, 0.997886, 0.00647228],
      [-0.00482626, -0.006173, 0.999969]
    ]
  },
  {
    "frame_id": 28,
    "translation": [ 23.4807  1.23506 0.176902],
    "rotation": [
      [0.997983, -0.0630419, 0.00742422],
      [0.062998, 0.997996, 0.00600698],
      [-0.00778803, -0.00552715, 0.999954]
    ]
  },
  {
    "frame_id": 29,
    "translation": [ 24.4342  1.29914 0.173225],
    "rotation": [
      [0.998092, -0.0611983, 0.00813391],
      [0.0611631, 0.998118, 0.00450301],
      [-0.00839417, -0.00399692, 0.999957]
    ]
  },
  {
    "frame_id": 30,
    "translation": [ 25.3734  1.35675 0.177471],
    "rotation": [
      [0.998171, -0.060199, 0.0056301],
      [0.0601696, 0.998174, 0.00526185],
      [-0.00593658, -0.00491347, 0.99997]
    ]
  },
  {
    "frame_id": 31,
    "translation": [ 26.3383  1.42542 0.184995],
    "rotation": [
      [0.998269, -0.0588122, 0.000739401],
      [0.0588038, 0.998234, 0.00846134],
      [-0.00123573, -0.00840321, 0.999964]
    ]
  },
  {
    "frame_id": 32,
    "translation": [ 27.2903  1.48172 0.191784],
    "rotation": [
      [0.998321, -0.0578818, -0.00198568],
      [0.0578966, 0.998287, 0.00845597],
      [0.00149283, -0.00855674, 0.999962]
    ]
  },
  {
    "frame_id": 33,
    "translation": [ 28.2641  1.53735 0.199862],
    "rotation": [
      [0.998374, -0.0570024, -0.000861352],
      [0.0570067, 0.998353, 0.00641802],
      [0.000494091, -0.00645669, 0.999979]
    ]
  },
  {
    "frame_id": 34,
    "translation": [ 29.2458  1.59235 0.200471],
    "rotation": [
      [0.998364, -0.0570023, 0.00445009],
      [0.056995, 0.998373, 0.00174358],
      [-0.00454223, -0.0014871, 0.999989]
    ]
  },
  {
    "frame_id": 35,
    "translation": [ 30.2116     1.65 0.196272],
    "rotation": [
      [0.998288, -0.057902, 0.00831871],
      [0.0579282, 0.998316, -0.00294421],
      [-0.00813423, 0.00342106, 0.999961]
    ]
  },
  {
    "frame_id": 36,
    "translation": [31.1987 1.69718 0.20643],
    "rotation": [
      [0.998234, -0.0588157, 0.00834952],
      [0.0589065, 0.998202, -0.0110747],
      [-0.00768315, 0.011547, 0.999904]
    ]
  },
  {
    "frame_id": 37,
    "translation": [ 32.1943  1.75756 0.213557],
    "rotation": [
      [0.998175, -0.0602015, 0.00464236],
      [0.0602496, 0.998122, -0.0110309],
      [-0.00396957, 0.0112905, 0.999928]
    ]
  },
  {
    "frame_id": 38,
    "translation": [33.1654 1.81994 0.22062],
    "rotation": [
      [0.998089, -0.061786, 0.000651973],
      [0.0617894, 0.998039, -0.0100185],
      [-3.16915e-05, 0.0100397, 0.99995]
    ]
  },
  {
    "frame_id": 39,
    "translation": [34.1576 1.89053 0.21917],
    "rotation": [
      [0.997969, -0.0637046, -6.1153e-05],
      [0.0637015, 0.99793, -0.00887638],
      [0.000626491, 0.00885445, 0.999961]
    ]
  },
  {
    "frame_id": 40,
    "translation": [ 35.1745   1.9553 0.229962],
    "rotation": [
      [0.997911, -0.0645758, 0.00200358],
      [0.0645945, 0.997847, -0.011345],
      [-0.00126665, 0.0114507, 0.999934]
    ]
  },
  {
    "frame_id": 41,
    "translation": [ 36.1706  2.03204 0.230485],
    "rotation": [
      [0.997819, -0.0658762, 0.00414017],
      [0.0659105, 0.997787, -0.00879619],
      [-0.00355155, 0.00904989, 0.999953]
    ]
  },
  {
    "frame_id": 42,
    "translation": [ 37.191 2.10533 0.24597],
    "rotation": [
      [0.997742, -0.0669443, 0.0054402],
      [0.0669755, 0.997738, -0.00576695],
      [-0.00504183, 0.00611829, 0.999969]
    ]
  },
  {
    "frame_id": 43,
    "translation": [38.1795 2.17894 0.24261],
    "rotation": [
      [0.997663, -0.0678614, 0.00791526],
      [0.0679104, 0.997673, -0.0060886],
      [-0.00748365, 0.0066119, 0.99995]
    ]
  },
  {
    "frame_id": 44,
    "translation": [ 39.1823  2.24491 0.255384],
    "rotation": [
      [0.997632, -0.0677742, 0.0117166],
      [0.0678486, 0.997677, -0.00607585],
      [-0.0112776, 0.00685642, 0.999913]
    ]
  },
  {
    "frame_id": 45,
    "translation": [  40.204  2.33141 0.239196],
    "rotation": [
      [0.997558, -0.0685716, 0.0132943],
      [0.0685926, 0.997644, -0.00112847],
      [-0.0131856, 0.0020376, 0.999911]
    ]
  },
  {
    "frame_id": 46,
    "translation": [41.1897 2.40696 0.24276],
    "rotation": [
      [0.997563, -0.0685303, 0.0130693],
      [0.0685422, 0.997648, -0.00046411],
      [-0.0130068, 0.00135878, 0.999914]
    ]
  },
  {
    "frame_id": 47,
    "translation": [ 42.1776  2.47334 0.247295],
    "rotation": [
      [0.997584, -0.0685109, 0.0115068],
      [0.0685222, 0.997649, -0.000589883],
      [-0.0114393, 0.00137693, 0.999934]
    ]
  },
  {
    "frame_id": 48,
    "translation": [ 43.1903  2.55426 0.244883],
    "rotation": [
      [0.997623, -0.0683218, 0.00894367],
      [0.0682967, 0.99766, 0.00308542],
      [-0.00913355, -0.00246727, 0.999955]
    ]
  },
  {
    "frame_id": 49,
    "translation": [ 44.1676  2.62571 0.245854],
    "rotation": [
      [0.997554, -0.069296, 0.00920803],
      [0.0692712, 0.997593, 0.00298294],
      [-0.00939258, -0.0023378, 0.999953]
    ]
  }
]
